T_w_i (initial temperature of water) = 40.00
Voltage = 220 V
-----------------------------------------------------------------------------------------
I	T_w	T_w_i - T_w	Compressor Work (kW)	Refrigerator Work (kW)	Exp COP
-----------------------------------------------------------------------------------------
2.07	39.10	 0.90		 0.32			 0.01			0.0198
2.03	38.77	 1.23		 0.31			 0.01			0.0273
2.01	36.78	 3.22		 0.31			 0.02			0.0725
2.03	36.14	 3.86		 0.31			 0.03			0.0863
2.17	34.51	 5.49		 0.33			 0.04			0.1146
1.91	34.75	 5.25		 0.29			 0.04			0.1248
1.87	32.76	 7.24		 0.29			 0.05			0.1758
1.94	31.43	 8.57		 0.30			 0.06			0.2005
2.03	30.98	 9.02		 0.31			 0.06			0.2009
1.86	29.52	10.48		 0.29			 0.07			0.2558
2.00	29.31	10.69		 0.31			 0.07			0.2421
2.06	27.55	12.45		 0.32			 0.09			0.2741
1.94	26.66	13.34		 0.30			 0.09			0.3115
2.04	25.75	14.25		 0.31			 0.10			0.3163
2.15	24.71	15.29		 0.33			 0.11			0.3222
1.97	22.93	17.07		 0.30			 0.12			0.3934
2.00	23.09	16.91		 0.31			 0.12			0.3840
2.21	22.03	17.97		 0.34			 0.13			0.3684
1.81	21.40	18.60		 0.28			 0.13			0.4660
1.98	19.79	20.21		 0.31			 0.14			0.4619
2.01	18.59	21.41		 0.31			 0.15			0.4816
2.18	18.04	21.96		 0.34			 0.15			0.4568
1.97	16.90	23.10		 0.30			 0.16			0.5311
2.15	16.28	23.72		 0.33			 0.17			0.5002
1.98	14.85	25.15		 0.30			 0.18			0.5765
2.17	14.69	25.31		 0.33			 0.18			0.5284
1.94	12.41	27.59		 0.30			 0.19			0.6448
1.94	12.47	27.53		 0.30			 0.19			0.6439
1.93	11.05	28.95		 0.30			 0.20			0.6795
1.85	10.09	29.91		 0.28			 0.21			0.7336
1.87	 8.70	31.30		 0.29			 0.22			0.7598
1.90	 7.19	32.81		 0.29			 0.23			0.7832
1.91	 6.98	33.02		 0.29			 0.23			0.7822
1.78	 5.87	34.13		 0.27			 0.24			0.8691
1.92	 4.64	35.36		 0.30			 0.25			0.8338
1.91	 3.66	36.34		 0.29			 0.25			0.8603
2.09	 2.32	37.68		 0.32			 0.26			0.8152
2.02	 2.52	37.48		 0.31			 0.26			0.8392
2.09	 0.53	39.47		 0.32			 0.28			0.8555
2.25	-0.19	40.19		 0.35			 0.28			0.8109
--------------------------------------------------------------------
P1	P2	T1	T2	T3	T4	T6	  V  	I
--------------------------------------------------------------------
5.00	21.00	28.00	68.00	48.00	18.00	39.10	 220	2.07
4.99	20.97	27.35	68.40	48.03	17.35	38.77	 220	2.03
4.98	20.93	26.70	68.80	48.06	16.70	36.78	 220	2.01
4.98	20.90	26.05	69.20	48.08	16.05	36.14	 220	2.03
4.97	20.87	25.40	69.60	48.11	15.40	34.51	 220	2.17
4.96	20.83	24.75	70.00	48.14	14.75	34.75	 220	1.91
4.95	20.80	24.10	70.40	48.17	14.10	32.76	 220	1.87
4.94	20.76	23.45	70.80	48.20	13.45	31.43	 220	1.94
4.94	20.73	22.80	71.20	48.22	12.80	30.98	 220	2.03
4.93	20.70	22.15	71.60	48.25	12.15	29.52	 220	1.86
4.92	20.66	21.50	72.00	48.28	11.50	29.31	 220	2.00
4.91	20.63	20.85	72.40	48.31	10.85	27.55	 220	2.06
4.90	20.60	20.20	72.80	48.34	10.20	26.66	 220	1.94
4.90	20.56	19.55	73.20	48.36	9.55	25.75	 220	2.04
4.89	20.53	18.90	73.60	48.39	8.90	24.71	 220	2.15
4.88	20.50	18.25	74.00	48.42	8.25	22.93	 220	1.97
4.87	20.46	17.60	74.40	48.45	7.60	23.09	 220	2.00
4.86	20.43	16.95	74.80	48.48	6.95	22.03	 220	2.21
4.86	20.40	16.30	75.20	48.50	6.30	21.40	 220	1.81
4.85	20.36	15.65	75.60	48.53	5.65	19.79	 220	1.98
4.84	20.33	15.00	76.00	48.56	5.00	18.59	 220	2.01
4.83	20.29	14.35	76.40	48.59	4.35	18.04	 220	2.18
4.82	20.26	13.70	76.80	48.62	3.70	16.90	 220	1.97
4.82	20.23	13.05	77.20	48.64	3.05	16.28	 220	2.15
4.81	20.19	12.40	77.60	48.67	2.40	14.85	 220	1.98
4.80	20.16	11.75	78.00	48.70	1.75	14.69	 220	2.17
4.79	20.13	11.10	78.40	48.73	1.10	12.41	 220	1.94
4.78	20.09	10.45	78.80	48.76	0.45	12.47	 220	1.94
4.78	20.06	9.80	79.20	48.78	-0.20	11.05	 220	1.93
4.77	20.03	9.15	79.60	48.81	-0.85	10.09	 220	1.85
4.76	19.99	8.50	80.00	48.84	-1.50	8.70	 220	1.87
4.75	19.96	7.85	80.40	48.87	-2.15	7.19	 220	1.90
4.74	19.92	7.20	80.80	48.90	-2.80	6.98	 220	1.91
4.74	19.89	6.55	81.20	48.92	-3.45	5.87	 220	1.78
4.73	19.86	5.90	81.60	48.95	-4.10	4.64	 220	1.92
4.72	19.82	5.25	82.00	48.98	-4.75	3.66	 220	1.91
4.71	19.79	4.60	82.40	49.01	-5.40	2.32	 220	2.09
4.70	19.76	3.95	82.80	49.04	-6.05	2.52	 220	2.02
4.70	19.72	3.30	83.20	49.06	-6.70	0.53	 220	2.09
4.69	19.69	2.65	83.60	49.09	-7.35	-0.19	 220	2.25
Initial Water Temperature (C): 40.000
Initial R134a Temperature (C): 28.000
Number of Observations       : 40
--------------------------------
n	EXP COP	 TH COP	 ERROR
--------------------------------
0	0.0198	3.9730	0.9950
1	0.0273	3.8928	0.9930
2	0.0725	3.8150	0.9810
3	0.0863	3.7395	0.9769
4	0.1146	3.6661	0.9687
5	0.1248	3.5949	0.9653
6	0.1758	3.5257	0.9501
7	0.2005	3.4583	0.9420
8	0.2009	3.3929	0.9408
9	0.2558	3.3292	0.9232
10	0.2421	3.2672	0.9259
11	0.2741	3.2069	0.9145
12	0.3115	3.1481	0.9011
13	0.3163	3.0908	0.8977
14	0.3222	3.0351	0.8938
15	0.3934	2.9807	0.8680
16	0.3840	2.9277	0.8688
17	0.3684	2.8759	0.8719
18	0.4660	2.8255	0.8351
19	0.4619	2.7762	0.8336
20	0.4816	2.7282	0.8235
21	0.4568	2.6813	0.8296
22	0.5311	2.6354	0.7985
23	0.5002	2.5906	0.8069
24	0.5765	2.5469	0.7737
25	0.5284	2.5041	0.7890
26	0.6448	2.4623	0.7381
27	0.6439	2.4214	0.7341
28	0.6795	2.3815	0.7147
29	0.7336	2.3424	0.6868
30	0.7598	2.3041	0.6702
31	0.7832	2.2666	0.6545
32	0.7822	2.2300	0.6492
33	0.8691	2.1941	0.6039
34	0.8338	2.1590	0.6138
35	0.8603	2.1245	0.5951
36	0.8152	2.0908	0.6101
37	0.8392	2.0578	0.5922
38	0.8555	2.0254	0.5776
39	0.8109	1.9937	0.5932
